Training Classification Report:
              precision    recall  f1-score   support

           0       0.87      0.83      0.85       600
           1       0.73      0.69      0.71       600
           2       0.78      0.79      0.78       600
           3       0.66      0.70      0.68       600
           4       0.71      0.70      0.70       600
           5       0.75      0.83      0.79       600
           6       0.77      0.74      0.75       600
           7       0.84      0.84      0.84       600
           8       0.91      0.89      0.90       600
           9       0.82      0.82      0.82       600
          10       0.84      0.91      0.88       600
          11       0.87      0.83      0.85       600
          12       0.74      0.73      0.74       600
          13       0.85      0.87      0.86       600
          14       0.71      0.78      0.74       600
          15       0.79      0.81      0.80       600
          16       0.69      0.66      0.67       600
          17       0.78      0.72      0.75       600
          18       0.73      0.75      0.74       600
          19       0.77      0.80      0.79       600
          20       0.64      0.80      0.71       600
          21       0.84      0.86      0.85       600
          22       0.75      0.69      0.72       600
          23       0.84      0.72      0.78       600
          24       0.69      0.69      0.69       600
          25       0.63      0.50      0.56       600
          26       0.83      0.85      0.84       600
          27       0.85      0.85      0.85       600
          28       0.68      0.64      0.66       600
          29       0.76      0.78      0.77       600
          30       0.73      0.79      0.76       600
          31       0.64      0.68      0.66       600
          32       0.76      0.72      0.74       600
          33       0.78      0.83      0.80       600
          34       0.72      0.69      0.70       600
          35       0.83      0.81      0.82       600

    accuracy                           0.77     21600
   macro avg       0.77      0.77      0.77     21600
weighted avg       0.77      0.77      0.77     21600

Testing Classification Report:
              precision    recall  f1-score   support

           0       0.85      0.79      0.82       300
           1       0.67      0.63      0.65       300
           2       0.72      0.72      0.72       300
           3       0.62      0.69      0.65       300
           4       0.65      0.68      0.67       300
           5       0.71      0.78      0.74       300
           6       0.70      0.64      0.67       300
           7       0.79      0.82      0.80       300
           8       0.86      0.87      0.87       300
           9       0.89      0.86      0.87       300
          10       0.91      0.90      0.90       300
          11       0.85      0.81      0.83       300
          12       0.74      0.72      0.73       300
          13       0.77      0.84      0.81       300
          14       0.70      0.79      0.74       300
          15       0.76      0.80      0.78       300
          16       0.64      0.62      0.63       300
          17       0.75      0.68      0.71       300
          18       0.71      0.72      0.71       300
          19       0.65      0.69      0.67       300
          20       0.63      0.74      0.68       300
          21       0.81      0.84      0.82       300
          22       0.76      0.64      0.69       300
          23       0.84      0.70      0.77       300
          24       0.67      0.65      0.66       300
          25       0.61      0.46      0.52       300
          26       0.78      0.82      0.80       300
          27       0.86      0.83      0.85       300
          28       0.63      0.57      0.60       300
          29       0.69      0.74      0.71       300
          30       0.67      0.78      0.72       300
          31       0.58      0.61      0.59       300
          32       0.72      0.69      0.70       300
          33       0.72      0.82      0.77       300
          34       0.69      0.67      0.68       300
          35       0.82      0.73      0.77       300

    accuracy                           0.73     10800
   macro avg       0.73      0.73      0.73     10800
weighted avg       0.73      0.73      0.73     10800
